449
557
617
716
720
728
625
456
511
944
596
466
618
517
290
755
522
563
666
339
486
540
720
570
537
573
410
454
776
470
472
667
901
687
753
819
684
668
774
450
438
634
540
365
790
346
380
569
540
505
420
607
566
547
588
530
610
563
695
370
615
654
459
528
421
570
751
666
610
444
519
400
430
680
560
472
585
565
340
520
365
470
580
510
359
430
430
326
670
371
666
377
610
323
541
500
410
427
574
470
406
496
658
491
577
397
410
910
507
580
580
470
471
340
380
346
606
470
670
500
390
760
350
669
590
407
605
599
340
360
476
390
576
394
425
695
665
420
495
400
562
320
817
428
523
988
568
525
440
426
530
337
550
568
400
594
430
579
397
442
533
620
290
550
427
410
538
560
337
532
741
530
332
534
330
430
422
453
380
759
470
373
440
504
416
550
430
608
598
350
546
563
340
520
450
540
480
400
460
280
804
368
331
510
310
420
290
430
666
483
449
400
482
360
478
394
360
363
509
390
624
430
464
390
410
544
669
462
600
330
400
481
480
387
500
486
712
510
494
460
384
556
310
500
580
601
637
617
500
330
485
525
470
390
468
549
405
380
470
310
384
559
350
460
400
468
466
430
320
410
490
570
616
340
270
380
600
626
410
509
370
537
510
661
574
459
300
356
606
480
377
600
340
436
319
465
300
702
410
710
456
644
403
610
390
250
620
450
488
438
405
430
436
520
280
710
461
330
650
400
310
430
594
503
460
598
460
410
360
286
460
380
516
479
430
405
795
549
356
728
356
625
467
430
355
446
440
556
400
664
414
468
365
475
719
490
650
496
430
600
320
310
310
560
397
469
240
534
280
660
730
410
540
622
432
578
510
553
480
418
459
282
766
380
547
530
390
420
508
410
418
373
392
510
620
363
663
360
438
410
470
400
539
330
593
427
469
610
646
610
350
516
270
435
315
470
723
644
317
650
290
390
377
420
310
390
346
380
340
383
633
290
450
470
667
430
358
320
340
483
459
390
483
370
340
510
414
395
537
464
340
477
572
400
624
420
190
514
572
360
440
569
490
400
420
252
365
770
393
330
405
490
451
377
440
260
420
440
390
339
483
686
450
470
349
335
624
520
440
360
771
310
299
394
356
440
385
380
488
375
290
680
260
300
540
402
400
500
426
530
455
480
520
497
502
440
372
280
437
529
607
320
550
460
328
570
652
551
360
480
308
710
375
1054
588
410
500
318
320
356
907
485
613
580
470
310
660
390
440
765
377
440
428
793
380
551
350
260
356
420
400
488
450
452
490
407
380
479
459
710
429
441
410
490
419
551
290
320
460
430
492
510
390
420
573
499
436
460
324
470
630
433
460
400
499
620
500
520
399
510
360
547
350
380
476
260
359
360
612
390
750
384
300
346
460
490
510
468
318
298
480
506
280
458
499
340
350
614
360
310
520
600
430
640
430
407
388
530
340
416
550
389
270
462
459
320
420
640
560
565
340
250
330
370
537
440
330
445
360
505
385
260
220
440
380
415
390
430
370
330
469
290
530
400
360
370
278
388
260
360
440
420
274
348
300
370
720
364
470
570
290
377
390
370
340
530
320
300
346
360
429
320
344
340
465
240
410
370
470
330
430
300
315
380
250
430
340
220
295
402
605
430
290
230
570
460
340
319
513
290
408
572
330
370
430
394
330
388
374
333
210
420
367
487
410
460
589
550
440
300
320
530
440
670
334
390
400
318
490
520
420
410
290
320
320
340
490
420
370
250
320
280
308
420
380
330
330
600
361
210
383
339
280
380
480
353
340
310
510
420
377
324
424
260
309
340
291
320
393
530
390
410
627
344
390
280
366
470
390
420
680
688
436
320
458
437
249
470
290
300
490
230
410
339
270
260
327
479
631
330
600
279
300
290
330
429
327
450
357
324
380
600
510
478
310
372
286
370
320
240
360
270
320
320
290
400
410
300
607
593
420
358
598
510
470
260
398
434
467
419
550
450
218
420
270
350
370
309
330
250
390
442
340
400
290
250
440
318
220
270
387
440
250
300
470
291
440
240
431
346
380
463
270
270
240
289
407
184
260
270
350
350
350
509
684
290
262
480
313
460
290
283
454
278
380
589
380
370
690
371
550
400
340
318
390
345
440
447
370
280
310
772
310
240
330
270
250
378
410
349
250
420
321
360
511
260
354
419
506
405
450
721
317
340
508
670
777
437
440
506
410
343
440
280
350
310
399
390
488
460
460
350
731
402
440
363
490
360
660
700
608
515
451
420
399
548
570
380
656
393
580
350
407
494
400
450
470
558
350
465
639
686
417
679
441
520
977
823
1064
662
460
749
814
755
572
761
584
883
1209
1164
966
688
1022
933
730
900
824
927
548
795
665
703
489
536
884
567
459
493
551
650
544
329
567
560
520
790
622
460
786
735
711
644
746
589
428
518
548
538
500
560
548
714
366
448
433
470
750
846
506
460
509
420
507
683
500
707
892
466
520
603
687
558
473
796
440
595
380
553
469
815
424
480
510
740
640
359
460
646
756
640
800
463
400
425
706
924
629
477
588
340
380
501
450
549
530
477
614
540
550
433
725
545
774
553
298
898
448
559
479
479
800
489
420
530
520
634
559
538
450
666
964
548
1059
570
580
650
500
789
610
472
777
651
883
605
834
737
520
664
540
671
563
358
462
835
473
636
547
550
714
793
570
641
420
581
799
886
407
530
530
779
797
780
699
495
521
696
486
872
766
589
538
504
659
580
635
670
769
480
550
740
749
665
590
477
380
630
530
580
577
649
729
630
613
847
582
631
585
900
740
658
869
649
719
466
350
640
602
470
718
830
553
901
732
455
470
530
365
654
739
706
725
776
701
1190
490
640
652
736
727
459
686
300
684
850
684
894
656
484
750
528
861
600
860
527
660
925
511
797
591
1163
650
757
542
710
794
854
686
858
989
745
576
767
556
760
924
1046
913
520
663
538
1036
470
477
679
1150
1537
767
884
853
480
450
807
739
850
408
1069
937
876
480
504
481
401
710
480
611
900
388
1159
468
674
672
732
802
423
998
720
580
656
490
1187
647
668
629
674
730
710
898
1232
600
524
740
758
1058
445
507
608
885
900
980
809
570
400
620
722
260
633
887
549
684
602
635
480
279
638
570
664
844
746
650
685
886
700
693
776
641
370
663
719
823
709
697
684
1059
360
525
710
544
535
508
476
743
750
617
445
801
430
700
389
436
605
755
849
763
565
535
862
436
1009
450
1166
557
650
429
430
669
655
901
622
480
724
709
675
721
928
1264
864
1039
869
700
845
935
767
1026
567
697
500
980
530
701
616
490
789
952
814
671
607
697
1089
925
820
818
756
590
790
603
701
700
947
980
590
620
461
979
700
535
582
945
519
420
732
400
580
808
520
962
390
710
625
881
507
612
895
417
673
526
411
599
408
511
348
686
530
667
398
658
627
519
596
672
474
566
563
420
537
790
918
649
710
608
728
756
523
929
845
495
767
655
600
941
766
818
854
990
728
489
725
794
509
818
578
488
736
587
470
767
559
660
420
639
723
414
485
660
520
410
550
591
498
444
697
708
681
668
620
698
664
480
566
804
468
609
550
550
661
424
360
723
478
511
637
548
456
597
457
781
470
690
700
500
759
520
562
510
410
573
370
472
678
670
490
648
675
721
578
454
645
610
378
465
780
1235
540
807
559
423
496
460
635
317
460
693
550
647
490
440
480
540
650
794
290
499
709
520
880
465
404
580
597
1360
635
450
490
641
902
893
466
469
470
410
808
555
410
618
600
360
430
576
310
508
540
630
420
377
560
590
335
380
618
467
743
608
400
419
590
570
667
700
430
500
486
463
720
523
436
524
539
545
397
360
310
640
762
580
623
722
741
779
544
490
710
655
769
380
393
460
740
746
698
642
481
384
467
559
491
497
400
450
370
380
522
662
330
540
518
390
539
407
556
380
650
362
463
560
673
690
242
451
346
446
380
451
658
517
580
650
420
647
748
469
517
460
590
460
426
555
612
416
754
410
624
306
524
460
660
700
592
801
720
849
923
443
557
430
542
750
782
620
620
350
500
529
458
540
420
401
579
653
620
578
430
380
374
631
657
510
536
473
643
370
717
505
547
678
522
465
350
633
510
576
590
390
550
509
467
883
558
934
677
723
430
451
490
530
555
489
530
400
560
394
426
414
534
493
270
555
667
800
560
487
519
290
472
417
342
320
434
458
389
473
310
407
861
487
366
404
519
360
690
460
400
611
579
510
515
536
360
459
471
811
458
518
894
429
250
478
358
456
390
400
510
726
598
438
856
330
420
696
920
490
553
500
510
390
718
580
638
560
476
400
627
530
580
740
665
580
670
476
659
480
648
770
705
921
520
380
757
570
664
815
538
521
690
510
639
617
488
565
444
735
560
369
360
610
570
636
696
650
570
390
630
788
721
530
552
450
503
496
459
510
446
580
494
497
325
600
513
924
403
460
516
300
590
591
508
642
530
434
590
549
533
699
580
450
399
444
422
416
578
556
573
663
517
712
490
940
606
390
280
447
423
270
525
609
520
520
394
350
340
339
620
443
878
668
650
555
524
560
537
358
740
748
944
345
818
658
440
370
681
511
521
537
627
500
796
550
320
709
617
546
646
505
650
619
650
704
507
530
520
480
600
508
399
619
650
600
410
887
448
362
520
495
540
630
780
589
520
521
637
710
470
487
748
704
679
549
558
570
519
918
620
450
509
544
619
500
410
400
640
570
505
533
410
583
1010
490
690
877
856
631
690
473
579
480
510
700
567
526
412
746
598
480
658
423
551
830
621
457
607
588
489
737
510
752
919
514
570
517
381
360
410
719
470
560
565
570
560
474
660
480
730
411
380
574
569
624
830
762
740
998
572
670
577
797
500
568
690
864
530
633
698
546
606
520
690
714
720
768
628
415
590
380
590
460
650
720
711
530
757
789
780
679
787
592
666
533
658
707
690
974
640
620
560
370
530
644
840
440
962
590
490
520
610
668
670
723
656
570
558
685
690
490
683
520
580
452
647
500
618
380
558
576
505
657
690
584
370
491
630
530
399
720
420
359
460
486
626
536
791
515
814
578
579
639
407
590
450
838
546
353
660
460
440
568
409
551
594
580
420
436
650
660
540
699
385
668
514
714
865
470
650
540
410
446
540
557
600
450
360
360
470
500
564
610
389
563
585
539
327
366
450
675
582
650
410
450
493
915
601
559
817
610
370
651
623
510
640
651
596
570
650
600
591
644
718
458
390
600
390
650
901
465
616
416
470
575
577
461
594
583
698
430
470
460
376
470
655
691
431
469
400
450
450
709
630
880
484
570
365
603
550
672
596
681
580
630
716
639
668
660
630
562
773
680
545
469
410
738
941
769
370
628
692
370
560
485
600
489
400
678
579
578
417
470
557
781
529
662
861
781
905
654
726
536
691
414
914
829
460
584
525
922
845
548
538
597
424
372
440
594
755
705
626
572
758
544
450
430
590
614
400
475
589
479
454
646
537
550
488
831
922
620
834
573
355
494
439
448
679
834
560
771
848
646
451
869
629
678
570
574
744
430
728
531
466
465
340
888
450
576
290
669
630
732
557
920
1205
540
783
357
688
490
459
630
458
503
572
417
709
622
369
352
600
449
571
490
640
555
656
600
678
851
899
779
825
399
328
360
529
652
560
564
357
410
394
560
534
460
666
690
419
766
593
420
580
530
540
570
790
420
768
599
638
544
667
538
867
468
650
530
680
507
753
508
776
654
1095
876
674
744
450
385
748
632
512
821
520
448
448
449
560
585
517
700
510
430
528
636
569
504
416
418
829
754
626
605
859
768
635
693
961
829
560
525
470
948
690
450
445
929
846
694
953
809
759
628
693
930
645
830
614
438
498
696
958
707
717
690
633
507
723
572
706
670
796
416
595
646
473
636
510
631
710
650
627
710
567
549
484
520
647
444
652
600
715
560
634
620
529
469
750
379
670
527
480
470
716
557
600
940
656
710
583
660
630
750
520
460
626
753
590
518
728
570
520
476
680
510
662
640
620
811
396
557
540
770
717
690
330
661
280
725
557
897
700
428
480
610
908
496
756
650
388
834
649
350
466
619
697
642
554
550
620
570
464
847
733
543
886
965
757
624
697
527
540
700
807
620
529
406
555
730
408
480
711
558
658
676
818
1095
846
718
838
678
593
710
340
440
497
500
510
471
570
767
735
530
360
727
610
566
510
693
540
520
503
735
632
400
647
639
516
891
380
591
530
523
644
510
480
630
520
948
620
660
696
488
695
430
620
673
530
427
671
580
568
582
404
537
510
749
649
593
690
485
300
553
665
596
539
530
636
835
487
745
537
544
496
739
580
805
596
776
565
675
618
594
698
493
480
574
618
500
646
820
620
719
1105
628
562
729
684
772
594
581
568
728
740
524
710
887
673
854
681
503
652
546
829
630
702
711
673
520
326
678
503
456
710
400
682
474
483
550
580
565
626
696
614
743
476
498
360
781
515
856
816
557
490
617
558
664
732
540
615
910
420
540
830
599
560
674
530
705
685
850
370
454
809
833
572
672
540
620
466
486
440
697
419
667
500
685
505
630
470
527
589
700
670
650
870
608
686
624
510
573
740
466
396
360
729
611
435
415
430
877
622
565
350
430
543
572
503
723
550
771
952
524
800
420
690
586
809
637
624
553
478
815
340
971
635
553
656
500
583
564
577
440
446
656
583
477
649
431
578
470
440
652
580
482
407
510
650
591
560
708
584
687
430
581
701
370
380
562
636
554
459
450
540
723
477
450
440
818
400
688
539
522
602
380
790
395
591
470
866
797
537
665
818
506
701
699
588
584
660
515
381
675
302
590
749
580
560
601
475
924
506
759
851
612
672
410
630
637
532
400
407
710
675
383
370
472
440
440
450
650
649
497
670
781
420
725
501
580
750
610
477
630
756
779
690
418
632
764
577
470
636
736
690
595
770
884
420
440
467
830
381
466
714
469
608
770
610
678
529
476
563
470
578
531
390
440
696
316
626
650
660
473
740
539
638
615
776
711
416
569
946
710
470
400
570
619
866
720
620
542
536
785
619
490
670
583
528
660
479
388
694
535
700
650
603
710
400
510
569
683
394
580
388
532
380
467
457
610
540
540
630
370
720
359
603
501
490
310
540
773
695
622
500
505
559
515
470
690
460
420
449
507
689
480
890
467
540
580
642
465
590
498
859
540
500
490
360
455
330
590
548
568
350
559
715
426
410
322
536
393
527
556
655
740
725
400
620
630
657
410
895
553
586
605
480
878
515
420
690
500
490
410
535
468
460
396
393
500
450
850
520
519
692
320
450
554
984
643
485
250
652
667
864
425
610
447
410
457
320
496
425
510
450
396
594
816
370
698
418
579
653
500
434
408
500
832
713
345
350
600
380
577
375
580
465
820
566
828
420
650
574
460
654
482
532
505
610
473
745
490
467
619
559
440
540
760
622
610
674
460
420
391
619
498
490
570
437
567
479
540
476
496
535
480
497
630
660
734
879
430
529
556
609
576
690
778
580
469
351
770
410
630
500
458
785
556
518
499
488
556
479
632
447
540
706
542
559
504
507
409
360
408
528
625
587
585
607
514
549
600
470
480
440
470
550
493
624
410
420
729
548
590
906
540
495
541
530
607
460
532
369
520
446
514
829
600
622
817
470
677
795
600
466
417
360
597
1357
493
518
586
590
510
460
480
525
646
584
405
913
803
403
523
629
470
350
672
551
620
435
710
550
477
410
532
479
450
736
570
569
325
350
430
560
486
648
902
519
471
606
500
542
460
385
320
543
381
400
514
519
444
582
718
610
722
498
428
684
656
1052
648
766
868
554
490
603
461
397
840
610
560
509
538
410
520
480
528
370
495
562
544
784
742
430
527
611
549
582
493
530
527
354
460
723
671
490
649
580
529
480
532
300
557
338
707
466
621
506
550
667
417
510
646
520
598
595
490
404
717
438
340
835
390
531
493
459
759
590
654
749
558
690
548
520
570
399
339
627
540
540
614
880
420
559
270
483
512
550
727
488
542
517
678
334
992
594
390
550
460
455
516
450
370
417
605
673
682
480
496
555
535
402
567
500
897
634
406
390
895
520
623
390
587
560
350
590
700
430
496
651
390
629
640
727
678
375
574
674
580
780
829
340
519
777
409
531
554
390
554
850
550
468
400
657
477
588
838
419
431
420
570
605
437
509
366
541
624
680
617
649
555
492
833
398
593
680
510
490
510
600
803
488
525
655
430
974
858
738
746
470
545
668
496
550
770
728
772
464
570
675
560
794
620
787
397
576
450
549
384
520
640
568
670
400
724
486
510
650
654
616
585
601
447
782
460
340
465
640
474
538
510
440
533
330
450
460
430
390
558
490
530
662
340
570
377
385
547
508
575
575
410
418
520
437
600
367
341
440
534
471
508
583
377
487
455
320
435
473
477
370
433
380
571
340
250
704
366
599
490
537
506
585
497
307
480
604
413
308
334
791
432
332
450
510
620
590
546
580
631
527
360
306
390
549
556
552
609
460
824
791
510
566
378
553
510
464
506
489
590
420
790
473
316
469
455
380
480
553
700
648
470
490
480
507
564
611
380
457
577
394
470
619
420
448
552
570
298
476
470
699
695
577
420
856
455
644
627
590
470
509
462
406
355
477
388
288
353
349
376
389
474
604
348
350
330
402
370
363
455
339
594
416
490
350
380
360
390
340
324
330
330
369
720
435
419
390
496
457
506
370
709
420
620
485
497
534
340
403
728
371
310
510
655
413
541
383
428
595
326
360
407
404
440
530
490
400
560
360
480
360
400
430
350
458
420
568
506
300
610
480
490
364
443
512
438
430
540
280
370
647
560
450
540
490
470
370
460
450
438
390
510
569
462
423
450
426
558
505
530
550
400
527
436
300
780
565
580
372
340
454
620
530
430
430
320
498
410
540
320
630
476
394
470
449
388
380
337
760
350
597
475
679
500
419
580
496
470
378
470
620
460
454
340
310
647
540
653
650
940
490
376
500
540
471
500
315
410
522
539
831
500
347
450
613
334
416
698
521
680
370
444
290
617
380
350
474
449
550
587
526
770
493
840
360
510
676
729
556
440
508
536
637
587
507
406
480
676
391
577
489
568
388
397
637
517
530
524
275
280
350
448
310
519
582
413
610
514
360
380
490
401
418
420
546
379
538
506
480
464
463
510
298
528
389
370
463
489
380
425
421
530
324
500
481
613
593
573
366
460
357
462
460
660
366
532
410
358
500
390
340
553
520
310
400
356
510
420
380
520
360
433
327
450
360
679
340
340
557
447
407
534
539
575
364
540
460
438
350
450
510
300
425
310
395
340
290
596
430
630
380
587
531
507
396
509
370
440
495
505
404
350
450
320
663
332
578
460
260
602
978
475
290
250
409
623
460
430
536
420
266
516
545
370
386
454
350
333
250
320
335
460
768
597
460
600
326
514
310
394
502
330
444
300
403
417
270
454
410
498
490
600
657
566
467
464
349
340
467
430
354
510
530
466
490
620
680
850
499
633
567
754
360
448
675
577
510
420
641
590
480
450
383
440
527
430
438
330
350
540
508
580
330
388
500
408
550
485
490
440
479
664
690
430
540
489
410
626
650
441
310
370
310
407
370
380
566
560
705
469
410
410
454
360
440
356
395
577
370
450
400
420
440
413
587
500
588
535
510
624
590
430
595
476
601
490
608
357
369
469
498
393
679
360
517
360
410
240
508
511
554
370
505
350
360
426
371
782
400
449
323
379
668
460
600
768
581
384
604
477
568
800
530
328
420
510
440
450
620
534
390
572
576
490
560
570
400
587
350
480
803
577
300
376
582
409
520
320
570
378
334
340
300
380
428
420
489
300
490
330
438
640
458
457
560
425
629
570
591
902
650
460
385
454
948
610
698
627
601
638
410
387
537
410
420
350
350
457
550
438
500
592
462
594
470
656
928
438
720
460
545
430
735
600
470
444
424
435
529
698
670
260
460
350
340
428
510
694
388
590
450
488
560
303
410
550
480
624
390
406
430
460
660
586
436
467
280
435
410
410
362
661
600
320
535
410
448
632
410
498
330
499
580
498
464
611
571
295
570
388
394
584
397
450
504
400
400
417
420
609
350
430
320
340
390
450
520
429
595
310
350
387
430
320
570
322
470
470
336
350
531
330
470
427
410
640
409
336
300
405
582
548
443
590
571
559
362
517
707
474
417
340
624
724
708
459
460
500
335
464
642
659
586
499
490
424
583
631
644
859
455
634
610
560
642
1152
430
326
730
592
540
599
626
721
768
548
510
750
570
816
753
829
746
470
589
870
479
598
781
546
584
519
908
943
653
770
870
679
430
563
1029
483
530
648
465
744
917
519
897
839
606
446
823
570
959
567
899
782
797
690
360
594
655
917
639
633
430
564
438
710
775
510
824
470
630
477
483
540
541
356
592
497
390
813
1224
584
618
750
860
613
530
644
550
426
577
532
568
553
1038
963
440
580
700
733
530
410
788
860
718
680
517
503
585
712
751
854
385
610
947
596
510
720
480
439
630
774
645
558
613
813
657
1091
480
440
510
590
697
660
1062
487
580
457
625
520
418
631
526
550
597
791
410
615
594
400
687
550
605
560
624
686
561
484
724
609
470
498
590
788
498
710
610
586
475
754
761
773
810
570
353
580
905
676
771
780
610
459
910
510
637
550
665
639
460
666
511
426
730
620
570
761
549
385
619
490
644
820
610
550
805
430
498
781
753
720
490
580
806
585
589
715
927
430
623
946
540
524
520
835
664
900
756
641
979
608
686
626
690
515
674
490
1026
681
586
476
646
470
644
571
640
497
609
636
690
344
370
576
530
588
568
686
802
557
426
636
827
662
370
743
615
540
1128
834
510
660
719
564
740
697
403
555
486
739
674
620
716
373
510
608
500
430
697
858
580
454
542
450
632
410
825
742
800
658
620
474
676
410
640
316
501
550
735
410
558
571
450
916
779
510
529
673
250
740
480
706
503
698
641
550
539
682
299
570
490
420
340
542
848
693
540
905
566
520
530
659
576
569
546
600
480
667
503
395
624
550
1008
739
757
813
420
949
448
643
480
480
524
856
643
644
780
754
589
530
730
543
610
629
569
572
673
553
535
788
467
683
896
508
538
894
638
648
594
840
466
631
755
788
603
766
460
550
484
625
456
652
591
663
598
468
630
802
590
692
758
312
730
1016
547
886
847
666
520
763
786
370
440
727
656
564
548
847
696
589
519
654
399
498
610
813
526
660
570
770
729
489
747
655
698
543
810
843
850
447
630
404
500
495
520
662
706
546
565
675
634
486
367
555
430
765
449
545
415
638
613
449
598
615
384
370
550
499
600
874
586
604
584
710
607
497
608
418
430
558
452
574
285
530
494
912
510
536
749
490
383
550
1132
620
340
498
483
506
964
618
830
380
580
825
476
619
613
430
687
549
580
498
766
666
445
530
548
590
360
599
330
430
437
370
320
400
340
430
686
390
430
540
438
480
390
529
480
505
806
768
368
730
447
380
390
600
410
577
470
372
339
489
475
300
440
384
449
475
422
450
380
559
540
333
412
460
400
384
709
580
389
460
827
481
570
440
520
744
534
591
468
420
706
429
434
356
527
508
662
731
550
886
448
777
410
520
463
798
526
420
450
500
453
510
469
708
610
398
590
540
450
440
620
630
450
340
660
443
657
492
540
883
446
301
610
518
514
541
483
490
390
649
498
376
450
603
520
540
480
400
607
626
480
410
600
596
336
443
398
590
630
630
527
458
330
592
739
450
631
660
658
478
522
629
578
452
430
450
632
833
583
635
780
440
560
550
570
490
640
546
523
539
540
530
380
410
428
622
505
660
358
300
430
593
398
393
600
409
578
804
420
472
947
619
650
370
569
512
460
427
590
737
557
539
590
810
357
424
520
540
591
390
818
509
666
634
400
395
360
450
330
330
450
490
440
418
526
708
350
430
390
408
350
400
410
530
508
426
460
518
654
500
453
430
530
1140
469
470
360
540
518
454
340
669
440
470
697
590
545
390
509
631
580
478
429
544
380
515
430
560
447
530
610
616
550
320
400
400
320
529
470
480
550
414
584
340
390
417
380
408
320
490
366
447
548
360
560
300
469
549
460
560
400
360
386
415
404
575
510
739
384
600
280
360
248
490
450
482
585
483
442
519
407
480
357
450
447
453
320
543
665
440
374
478
500
517
454
380
569
520
438
456
580
778
380
360
458
450
502
332
407
350
479
408
330
300
340
681
460
660
489
470
600
460
479
250
528
420
582
446
406
438
560
490
480
466
390
566
915
789
390
438
560
551
690
480
390
596
614
529
497
362
445
330
343
530
460
470
531
531
490
556
400
523
419
470
596
626
450
707
580
360
360
321
577
370
496
380
496
640
390
300
519
721
442
667
608
432
530
460
365
597
501
440
763
560
478
450
450
390
391
505
649
686
480
560
380
727
602
485
649
370
330
310
698
400
470
635
640
428
560
629
460
726
510
552
611
438
449
550
627
648
519
500
400
446
360
460
557
669
330
380
447
539
335
270
480
459
570
415
350
650
517
737
470
434
510
370
480
564
410
448
809
430
350
670
450
329
610
590
592
437
618
440
516
440
322
457
550
370
450
650
558
530
520
490
710
570
480
658
569
756
690
570
532
429
520
550
490
438
651
410
498
500
380
587
470
230
500
534
500
345
690
560
430
350
538
780
530
690
527
560
460
751
387
543
589
540
638
440
549
450
511
365
630
762
460
588
395
540
489
735
323
500
798
500
578
468
530
440
474
377
639
330
400
500
359
400
550
559
403
340
402
715
580
566
777
660
448
635
390
508
350
619
370
575
569
410
506
530
370
470
410
726
310
509
403
400
400
652
554
533
430
453
446
400
330
440
640
420
410
568
400
280
425
419
510
564
380
510
660
350
740
656
590
394
340
320
519
416
450
450
448
600
408
550
410
347
470
590
410
479
486
565
636
765
779
479
538
430
575
490
510
440
510
666
410
470
470
375
440
533
520
359
481
340
390
320
424
310
376
430
480
441
938
370
575
398
447
524
611
430
456
523
370
448
544
616
1004
576
360
467
519
460
400
400
718
516
330
330
602
320
551
409
560
480
510
644
430
691
465
379
516
530
610
360
527
540
498
560
537
516
557
502
488
440
360
929
325
420
611
391
540
467
309
460
505
485
293
370
440
483
453
479
470
320
414
610
378
363
384
600
732
420
605
657
360
649
583
449
503
420
353
580
480
549
510
333
540
444
562
410
437
470
433
420
483
383
547
320
210
670
498
478
480
510
370
500
456
668
468
560
480
459
350
638
565
580
500
470
495
633
339
379
649
337
490
510
639
632
528
955
510
692
420
430
468
259
394
389
629
371
390
450
359
398
440
420
398
482
490
440
303
422
550
422
370
669
460
675
360
440
409
580
708
537
428
420
400
430
598
394
399
380
547
400
480
480
622
482
422
420
530
550
330
580
582
368
496
517
210
286
379
450
490
371
340
390
490
370
550
528
419
330
590
600
365
495
340
570
550
554
540
519
360
470
710
370
496
364
507
370
568
420
450
387
360
509
440
453
480
532
479
474
470
527
440
668
320
420
700
430
350
562
466
415
520
537
530
330
328
410
471
408
420
675
390
528
810
624
671
558
420
428
296
423
530
384
400
397
374
569
441
547
475
566
540
410
574
530
540
547
545
588
360
767
612
400
659
359
435
230
531
450
580
519
390
511
368
630
389
595
540
406
490
636
510
381
600
529
250
750
570
450
480
450
580
566
458
448
676
489
528
530
305
511
570
340
497
427
519
380
627
639
674
345
549
460
480
494
532
490
578
780
434
320
527
608
530
370
330
550
429
410
409
440
817
952
910
890
440
587
506
476
388
454
628
577
470
573
470
366
450
728
510
740
475
606
739
646
510
700
480
446
618
376
520
470
554
510
410
420
414
340
250
338
421
475
310
360
330
419
469
390
397
536
414
495
727
360
420
414
471
496
460
578
295
625
513
556
655
420
460
443
350
630
434
526
660
410
512
610
575
420
495
683
400
496
320
530
280
420
607
477
427
470
431
585
495
360
506
898
396
410
406
426
355
360
480
370
510
440
516
326
417
750
654
697
519
710
260
340
640
807
327
430
690
496
560
340
534
509
440
291
473
527
340
374
437
550
406
550
439
465
489
418
579
849
430
450
376
274
450
480
461
380
340
687
526
402
389
380
510
406
438
566
398
438
657
500
420
341
440
320
420
610
608
323
354
326
562
300
340
458
354
390
460
371
350
452
579
503
657
380
317
350
340
474
400
705
358
545
560
410
280
468
420
310
428
450
739
559
380
485
570
476
430
549
526
690
380
570
520
497
590
553
430
475
400
300
460
640
440
510
388
568
630
400
450
340
483
357
578
437
658
428
391
510
480
490
510
370
520
380
497
500
470
380
640
340
488
341
437
440
665
469
539
564
837
484
545
777
506
302
520
333
448
524
437
413
290
411
587
428
600
430
508
395
478
549
729
559
450
594
509
418
290
609
470
518
420
602
638
400
380
360
557
384
554
300
665
510
422
320
522
360
517
371
334
577
628
580
491
317
528
391
410
494
394
544
535
400
675
520
558
500
450
579
514
440
490
608
529
470
557
435
380
572
463
526
718
444
567
428
514
360
350
407
580
519
548
460
380
507
520
440
310
400
439
586
647
367
413
422
390
378
680
440
430
390
337
600
418
410
555
650
510
788
460
480
360
596
669
525
805
512
488
425
438
747
290
554
624
490
435
585
450
490
420
559
490
560
540
704
826
595
329
701
514
610
460
480
552
440
547
435
536
340
650
815
538
460
290
597
615
280
393
692
1158
488
567
407
406
290
576
407
543
349
834
720
609
406
614
418
560
489
540
380
629
829
380
406
410
530
578
515
670
653
390
442
540
500
430
568
580
439
310
480
370
410
659
618
569
260
392
350
440
534
586
624
431
540
428
530
370
454
560
1233
437
386
580
540
517
841
319
284
546
478
360
370
280
360
891
342
440
443
509
635
580
710
390
370
784
499
643
450
550
359
477
548
503
378
519
510
698
487
526
545
426
627
319
560
500
520
516
717
460
462
508
435
640
460
567
846
490
716
616
545
711
468
680
449
395
437
410
400
446
630
550
470
738
394
410
505
635
465
498
309
505
525
450
610
710
577
497
409
390
480
450
440
469
340
480
400
650
808
460
430
350
400
620
397
370
548
432
648
519
608
578
560
649
497
684
640
626
590
565
527
643
660
400
660
614
475
530
425
420
505
600
836
538
575
390
584
541
372
340
442
660
448
280
507
429
580
420
666
420
549
400
455
518
650
511
400
452
424
674
545
447
330
360
677
520
580
450
400
517
481
280
360
490
479
564
569
410
513
350
600
480
580
619
400
697
420
463
736
509
320
490
390
417
590
876
340
280
449
450
460
540
638
378
628
480
460
320
450
456
380
470
280
522
774
518
610
417
620
430
524
510
430
340
288
500
490
360
490
550
518
560
360
350
505
430
585
645
480
340
398
330
440
500
460
480
529
477
489
370
557
695
426
500
489
608
520
530
512
440
330
355
352
550
419
648
620
380
480
400
457
339
498
427
424
560
630
368
448
618
390
380
536
433
456
457
750
413
330
380
370
350
590
440
500
1028
469
410
475
410
619
380
625
518
561
370
420
618
541
567
475
607
430
593
390
410
727
419
382
906
575
380
584
414
357
384
538
280
460
390
795
719
525
400
594
1224
480
490
294
419
500
466
407
526
625
480
490
490
839
670
547
432
470
567
486
535
484
580
756
450
653
500
433
310
439
413
414
587
420
685
751
260
440
419
566
520
450
480
350
351
557
485
564
540
785
545
500
610
499
740
556
684
469
636
500
895
811
622
570
573
420
717
465
473
610
767
656
560
675
698
561
330
820
449
1050
850
560
766
439
552
892
874
659
399
592
672
649
800
439
764
638
590
1065
720
450
620
522
794
760
600
631
664
540
535
703
685
930
710
625
1504
600
613
919
1114
651
610
500
588
1210
718
520
612
766
788
570
597
784
452
514
470
569
744
1251
860
891
1009
905
905
735
723
577
680
672
529
590
560
530
568
628
361
590
591
860
647
692
785
857
663
756
567
722
462
624
667
960
490
760
580
775
470
815
794
963
618
737
715
550
360
1054
714
562
598
737
800
1115
677
427
666
534
413
566
725
522
868
490
520
451
1039
579
400
460
792
637
794
642
741
520
823
488
721
674
814
934
618
703
910
1417
491
498
527
614
570
560
670
600
560
858
892
627
626
742
757
647
460
665
498
576
410
567
762
730
480
1125
906
430
498
710
607
438
536
630
550
788
680
653
618
656
617
679
560
499
479
785
778
713
590
547
640
538
738
625
854
585
700
483
513
662
695
473
390
676
701
656
660
453
479
966
562
568
425
310
500
599
1094
650
676
441
500
678
656
587
645
696
750
740
510
707
467
775
380
510
742
430
597
910
370
645
613
628
641
996
765
674
585
670
617
496
440
480
680
1021
307
839
573
839
495
588
795
815
508
584
862
430
438
570
920
500
560
920
710
570
658
698
568
743
650
370
588
528
1249
527
721
573
762
480
771
481
573
703
680
590
468
388
477
549
565
1150
619
678
690
854
449
696
795
530
759
615
568
580
756
732
698
834
697
809
811
620
923
963
475
460
576
581
763
686
643
743
454
480
360
644
736
450
420
657
450
450
566
560
568
652
496
640
777
908
620
629
774
610
639
692
593
520
726
500
495
521
569
670
1047
582
477
487
759
572
507
817
839
400
530
618
480
380
380
746
374
560
450
752
634
755
570
690
514
600
590
553
569
540
646
651
895
670
647
539
497
546
790
607
967
688
660
640
599
972
589
606
880
631
661
490
369
618
705
530
740
829
770
520
556
575
737
736
829
639
883
677
437
772
616
680
685
320
620
478
683
796
923
828
614
440
400
490
795
518
678
607
563
645
610
666
558
790
866
876
500
612
480
546
450
670
596
520
922
705
743
434
554
460
565
480
551
870
448
818
518
679
588
679
595
654
560
834
738
850
546
778
608
693
570
530
1049
583
784
609
478
418
463
620
623
786
596
580
566
730
640
840
746
825
517
720
640
561
508
777
368
648
528
749
995
708
668
617
628
719
920
561
610
535
705
508
483
525
1050
819
659
687
503
580
509
739
684
867
820
331
623
1239
674
705
735
888
766
913
875
780
939
517
583
673
848
826
836
620
667
961
800
843
752
645
829
747
520
609
638
732
1027
716
560
736
766
450
702
824
746
935
570
740
340
758
547
701
730
670
612
500
637
680
450
330
434
1040
837
550
705
854
685
400
548
971
662
730
546
691
550
856
658
750
773
614
1000
590
390
723
500
649
527
885
533
454
829
610
622
696
703
520
927
962
554
783
1081
809
708
576
810
718
1417
620
529
452
707
813
700
970
604
720
620
998
855
720
1037
420
622
759
791
758
537
624
603
568
481
550
597
865
735
470
1195
864
707
1226
495
652
690
620
760
594
738
610
626
841
569
1189
625
610
594
617
458
720
736
1189
508
580
661
640
502
568
450
473
857
480
470
949
808
339
897
764
577
642
583
621
638
785
580
511
695
753
580
753
710
616
460
628
756
504
904
791
528
885
670
936
959
480
804
487
430
618
716
1069
789
771
1374
450
711
610
857
909
540
745
885
736
741
913
1637
1474
450
576
551
940
1040
807
641
727
537
638
781
592
670
768
636
516
983
833
690
976
619
540
911
617
328
816
1009
634
547
1003
792
994
662
754
1198
1066
1312
919
629
713
585
441
790
661
924
830
786
875
1259
1189
1172
2001
